{
 "cells": [
  {
   "cell_type": "code",
   "execution_count": 11,
   "metadata": {},
   "outputs": [
    {
     "name": "stdout",
     "output_type": "stream",
     "text": [
      "(768, 9)\n",
      "preg       int64\n",
      "plas       int64\n",
      "pres       int64\n",
      "skin       int64\n",
      "test       int64\n",
      "mass     float64\n",
      "pedi     float64\n",
      "age        int64\n",
      "class      int64\n",
      "dtype: object\n",
      "          preg     plas     pres     skin     test     mass     pedi      age    class\n",
      "count  768.000  768.000  768.000  768.000  768.000  768.000  768.000  768.000  768.000\n",
      "mean     3.845  120.895   69.105   20.536   79.799   31.993    0.472   33.241    0.349\n",
      "std      3.370   31.973   19.356   15.952  115.244    7.884    0.331   11.760    0.477\n",
      "min      0.000    0.000    0.000    0.000    0.000    0.000    0.078   21.000    0.000\n",
      "25%      1.000   99.000   62.000    0.000    0.000   27.300    0.244   24.000    0.000\n",
      "50%      3.000  117.000   72.000   23.000   30.500   32.000    0.372   29.000    0.000\n",
      "75%      6.000  140.250   80.000   32.000  127.250   36.600    0.626   41.000    1.000\n",
      "max     17.000  199.000  122.000   99.000  846.000   67.100    2.420   81.000    1.000\n"
     ]
    }
   ],
   "source": [
    "# import module\n",
    "import pandas as pd\n",
    "\n",
    "fileGitURL = 'https://raw.githubusercontent.com/andrewgurung/data-repository/master/pima-indians-diabetes.data.csv'\n",
    "\n",
    "# define column names\n",
    "cols = ['preg', 'plas', 'pres', 'skin', 'test', 'mass', 'pedi', 'age', 'class']\n",
    "\n",
    "# load file as a Pandas DataFrame\n",
    "pimaDf = pd.read_csv(fileGitURL, names=cols)\n",
    "\n",
    "# get shape (row, columns size)\n",
    "shape = pimaDf.shape\n",
    "\n",
    "# get data types for each attribute\n",
    "types = pimaDf.dtypes\n",
    "\n",
    "# set options\n",
    "pd.set_option('precision', 3)\n",
    "pd.set_option('display.width', 100)\n",
    "\n",
    "# generate descriptive statistics\n",
    "stats = pimaDf.describe()\n",
    "\n",
    "# display results\n",
    "print(shape)\n",
    "print(types)\n",
    "print(stats)"
   ]
  },
  {
   "cell_type": "code",
   "execution_count": 14,
   "metadata": {},
   "outputs": [
    {
     "name": "stdout",
     "output_type": "stream",
     "text": [
      "        preg   plas   pres   skin   test   mass   pedi    age  class\n",
      "preg   1.000  0.129  0.141 -0.082 -0.074  0.018 -0.034  0.544  0.222\n",
      "plas   0.129  1.000  0.153  0.057  0.331  0.221  0.137  0.264  0.467\n",
      "pres   0.141  0.153  1.000  0.207  0.089  0.282  0.041  0.240  0.065\n",
      "skin  -0.082  0.057  0.207  1.000  0.437  0.393  0.184 -0.114  0.075\n",
      "test  -0.074  0.331  0.089  0.437  1.000  0.198  0.185 -0.042  0.131\n",
      "mass   0.018  0.221  0.282  0.393  0.198  1.000  0.141  0.036  0.293\n",
      "pedi  -0.034  0.137  0.041  0.184  0.185  0.141  1.000  0.034  0.174\n",
      "age    0.544  0.264  0.240 -0.114 -0.042  0.036  0.034  1.000  0.238\n",
      "class  0.222  0.467  0.065  0.075  0.131  0.293  0.174  0.238  1.000\n"
     ]
    }
   ],
   "source": [
    "# import module\n",
    "import pandas as pd\n",
    "\n",
    "fileGitURL = 'https://raw.githubusercontent.com/andrewgurung/data-repository/master/pima-indians-diabetes.data.csv'\n",
    "\n",
    "# define column names\n",
    "cols = ['preg', 'plas', 'pres', 'skin', 'test', 'mass', 'pedi', 'age', 'class']\n",
    "\n",
    "# load file as a Pandas DataFrame\n",
    "pimaDf = pd.read_csv(fileGitURL, names=cols)\n",
    "\n",
    "# set options\n",
    "pd.set_option('precision', 3)\n",
    "pd.set_option('display.width', 100)\n",
    "\n",
    "# calculate correlation between columns\n",
    "correlation = pimaDf.corr(method='pearson')\n",
    "print(correlation)"
   ]
  },
  {
   "cell_type": "code",
   "execution_count": 17,
   "metadata": {},
   "outputs": [
    {
     "name": "stdout",
     "output_type": "stream",
     "text": [
      "preg     0.902\n",
      "plas     0.174\n",
      "pres    -1.844\n",
      "skin     0.109\n",
      "test     2.272\n",
      "mass    -0.429\n",
      "pedi     1.920\n",
      "age      1.130\n",
      "class    0.635\n",
      "dtype: float64\n"
     ]
    }
   ],
   "source": [
    "# import module\n",
    "import pandas as pd\n",
    "\n",
    "fileGitURL = 'https://raw.githubusercontent.com/andrewgurung/data-repository/master/pima-indians-diabetes.data.csv'\n",
    "\n",
    "# define column names\n",
    "cols = ['preg', 'plas', 'pres', 'skin', 'test', 'mass', 'pedi', 'age', 'class']\n",
    "\n",
    "# load file as a Pandas DataFrame\n",
    "pimaDf = pd.read_csv(fileGitURL, names=cols)\n",
    "\n",
    "# calculate skewness of columns\n",
    "# skip null values\n",
    "skew = pimaDf.skew(axis=0, skipna=True)\n",
    "print(skew)"
   ]
  },
  {
   "cell_type": "code",
   "execution_count": null,
   "metadata": {
    "collapsed": true
   },
   "outputs": [],
   "source": []
  }
 ],
 "metadata": {
  "kernelspec": {
   "display_name": "Python 3",
   "language": "python",
   "name": "python3"
  },
  "language_info": {
   "codemirror_mode": {
    "name": "ipython",
    "version": 3
   },
   "file_extension": ".py",
   "mimetype": "text/x-python",
   "name": "python",
   "nbconvert_exporter": "python",
   "pygments_lexer": "ipython3",
   "version": "3.6.3"
  }
 },
 "nbformat": 4,
 "nbformat_minor": 2
}
